orthology	SS1a	SS2b	SS4d	SS6f
M00001	288.519582969339	277.161293595427	282.782914632992	274.14642789082
M00002	478.775390925101	460.936255937508	470.277209943393	449.087417316281
M00003	418.873564967256	400.454831305277	407.565613971311	398.299397095754
M00004	404.054104273215	399.20417327634	409.968146036396	403.138011669678
M00005	1137.3446091381	1113.42213236304	1130.29090276678	1121.65133502211
M00006	288.019215223945	271.46606402051	281.592542777457	280.872362344185
M00007	587.568589882435	604.838675658486	624.20636981046	612.262697141124
M00008	207.151500695682	236.567578753945	242.482012927696	229.935617236082
M00009	448.965527826758	434.242332973035	433.671725798744	432.279832201879
M00010	767.227826280868	726.918141114651	748.727016399108	729.328174822028
M00011	392.801592805445	382.593660948044	378.073733339857	379.859536445382
M00012	543.538571545515	521.043313708981	517.261649858127	527.34799326583
M00013	377.683545816666	422.935548431605	391.611129912258	435.815937365794
M00014	95.7095664413276	95.9082276522158	94.4520904538624	89.1743852202569
M00015	268.214674161666	276.789939316992	295.762645508971	266.558586587205
M00016	349.727647227171	364.135335060656	367.508216555006	348.097219947536
M00017	397.594920786886	382.257695109923	378.90758601621	372.313688749519
M00018	289.037439098177	292.031775024531	289.305563732533	279.902980934874
M00019	971.09948057505	923.981905474449	959.979477041894	937.751729288397
M00020	526.481122554423	544.168199018802	515.133821683179	556.186443684511
M00021	546.220270147942	507.120943014783	528.341746387422	514.12507754064
M00022	237.409249968909	231.997044934616	237.898893689561	242.038069204617
M00023	263.331432992136	261.324396418145	264.599189942662	251.370765300991
M00024	39.1643366727505	48.2038845835038	47.8034487286256	47.6241943277382
M00025	32.3326241483876	46.9964810812913	46.2124996891447	44.1015083035473
M00026	256.760240819422	270.53292549407	284.663934601328	266.750855099154
M00027	151.363057890697	147.167335617196	146.204338039949	159.128052880273
M00028	130.857092013932	145.206193566916	146.743924920674	137.383744688613
M00029	423.198612065448	426.544548469242	425.832059013501	423.475730094249
M00030	16.0336580667277	16.0950255906258	16.4471014431841	15.7462112695133
M00031	25.5498200581526	28.5614278352002	27.843193466331	24.2037546831712
M00032	200.460954466796	214.229834932911	202.017774264578	207.951566091163
M00033	312.413697534682	329.956563675225	327.544866794458	314.732692924322
M00034	142.282617705013	140.494902300133	139.233348081771	141.062916578834
M00035	494.647882321694	478.569490048927	477.778307769361	460.876841605877
M00036	501.081233753239	539.299293820564	507.241258618181	539.036600515192
M00037	25.7078769556314	21.0654704451648	21.001602151847	21.8767231412458
M00038	80.5755066262665	84.9206629159363	80.9968650560034	82.1395986398796
M00039	2.25684661307665	1.89391303066087	2.55497487533744	2.82130143910316
M00040	38.6453979854924	44.8588706212598	41.0410892236711	50.7268416904086
M00042	24.8962223859318	20.156183288207	19.2145879744036	20.7136379458124
M00044	209.041470901136	256.591991320633	232.914825522416	240.742543913557
M00045	385.8369797683	405.982734698102	383.504652868711	415.378928772289
M00046	176.191670590481	185.000298502035	180.186089042525	176.623364382419
M00047	4.84972688191697	2.27046772734613	4.26225110557177	3.61779348230223
M00048	261.194679735082	253.283377588598	260.104872294765	248.561968329442
M00049	383.83887253461	395.307250628074	408.667917507262	384.891640826456
M00050	664.34263521633	655.564111174099	683.879839621073	646.669442486268
M00051	365.242024602534	358.354880341075	366.592201610179	354.093717421099
M00052	342.911363912749	329.585051730596	348.49793529859	328.657854668444
M00053	414.837859889876	421.949461412085	425.061603033225	406.518721435048
M00055	0.0944196634142861	0.287363881952197	0.226988917722055	0.370520216071816
M00060	137.57277012545	165.122737244061	169.424407722655	157.197913675936
M00061	171.372172725183	158.429509592755	164.987795636484	167.476551277078
M00063	313.293370030964	347.69148121517	321.580803815547	330.347664728909
M00064	149.412730130257	151.303230081014	166.313494051426	149.441025002462
M00065	0.0951231403444077	0.138353809823136	0.0233271899293818	0.0423569043315299
M00066	13.5472699063098	8.2342617521212	8.0521310099306	6.19214923168275
M00072	0.237609592227694	0.307348909721883	0.284357288059327	0.450012964958549
M00073	0.201166566066141	0.878135951987287	0.0634805496438913	0.056155259017917
M00074	0.0548636089271293	0.185493224373883	0.111711581775563	0.0153150706412501
M00075	0.102881657938678	0	0	0
M00076	7.73600837474839	8.61268507906226	7.23466818119038	8.38495099019997
M00077	7.76970399129836	10.311681397048	8.24232481620806	9.00980305787231
M00078	6.92874823370892	6.80635889971103	5.25161457368412	6.14441059773995
M00079	36.8219203946207	43.4251210619687	35.0090904962662	38.3986745392884
M00080	24.273616575192	26.5251948765426	29.4309042374827	29.1951075440764
M00081	25.6057495909006	23.3018811687584	15.6496792163716	19.5984723822706
M00082	297.28074582136	303.768930273673	302.069816772951	290.812111342662
M00083	474.213826438635	453.354888469227	465.186329240892	468.862080112018
M00085	3.78476371145675	5.14893168771913	4.59022944980963	4.34072407817102
M00086	517.580829459035	604.06331071423	574.090937983715	640.42190540306
M00087	209.349496100985	232.128102205786	220.75659287933	237.302269137316
M00088	691.883326782061	788.449490155416	717.393045515299	798.702617779707
M00089	37.3221459167256	43.8905760420903	45.1028267942781	43.7192008773287
M00090	0	0.261776366634766	0	0
M00091	35.649561941605	29.761224023436	37.0009160975463	43.4676299648938
M00092	0	0	0	0.0742918899710008
M00093	236.22895312195	276.724911331431	255.009145886278	262.223582915243
M00094	1.98593985891992	1.3463399867123	1.61153680691539	0.527413732125518
M00095	360.333990716171	392.739828175859	371.719107777902	397.482041144514
M00096	313.808450619557	301.705879911861	314.263188433848	304.889996815778
M00097	22.0060722610141	28.3201937152797	27.8856086717111	31.7980031873024
M00098	1.2594024263314	1.25914761900137	1.52126618469313	1.74876186012691
M00099	1.31632882367662	1.0905909800069	1.14128649280497	0.649431378365884
M00100	21.8517895865094	20.672478656853	15.7073591605913	18.0168396435606
M00101	0.939099743506274	1.54023558098197	1.67930643845441	1.21145920422464
M00102	0.600326427040166	0.867171642326728	0.595916842452409	1.04732875902833
M00104	9.61406894377138	10.8047155250253	10.2195172822777	10.5332373373901
M00107	1.90361707385023	2.2315953278311	3.83323242438223	0.727094175875067
M00110	1.42771280538767	1.67369649587333	2.87492431828667	0.5453206319063
M00112	0.800777074660192	1.03873084803839	0.992340507277758	1.01219197908344
M00113	86.8406004767972	89.5119499044835	86.9764613388692	88.3304675386559
M00114	100.351769335708	98.5981131236636	94.8679929878647	94.5110317764029
M00115	324.391081290868	315.640293168463	332.194050864758	318.699458097537
M00116	67.4372763241585	67.3262143613664	71.6262099151801	68.6108900687146
M00117	292.502413920237	295.818665582795	300.569015085912	294.629101172671
M00118	99.0036998587654	119.539667543094	121.512167012817	111.575626544643
M00119	346.499658932006	364.550326295236	357.544501872916	335.191300002152
M00120	124.997699005373	121.529386776778	128.653521671325	117.879248924624
M00121	302.047762528925	316.793870748818	326.429346907769	311.14903074031
M00122	97.9796104479546	107.730112133561	105.286736083105	99.0740058446807
M00123	130.694704343323	138.64342443801	132.189311697749	125.614165122119
M00124	232.789617742531	252.449370809786	253.532345461468	242.811059725344
M00125	147.743787555551	153.998762656907	164.249356617059	158.234625869263
M00126	115.405783928829	126.598425002168	126.874588135143	123.425877681381
M00127	152.348042514923	155.116918046275	161.677050165499	146.738111238063
M00128	12.4566450975847	13.5471898439933	12.8082455250662	12.9802740212648
M00129	246.879548609554	247.604288995687	251.430976895336	248.266084763909
M00130	0	0	0.00808838334888223	0
M00131	46.910146954991	46.8227889446356	53.2625932479784	55.0541169449811
M00133	157.359977092021	173.567237238181	161.573604667674	171.255019152575
M00134	190.220897789073	212.235821807112	200.929471320241	208.791679737941
M00135	230.50533688272	222.652939709619	216.344282711989	229.396918858771
M00136	14.6665865458528	30.3077980752637	22.6091477409922	30.2696158385587
M00137	0.888635160945248	0.355877560503556	1.28175567271387	0.78873052389695
M00140	735.936540359075	719.202327180682	717.229036935877	734.654931866102
M00141	297.402354203758	293.316820022073	296.643238056417	310.28955070121
M00142	0	0.034443804127237	0	0.557079628009686
M00143	0.79367379030078	0.790703022029989	0.937428440883367	1.34802110102118
M00144	892.237808478744	813.164703541643	826.408806412774	804.363556660357
M00145	2.91662373871367	2.64347913586624	3.71331049619317	3.54770960579583
M00146	0	0.0590720164047432	0.0340423167321087	0
M00147	0	0.129240962206977	0	0
M00148	1.06648328951195	0.744057626756924	0.576378442343337	0.369704925198708
M00149	770.516059291892	746.090405263636	731.634294582601	732.435661687822
M00150	103.295097314273	108.616539875547	100.402702134622	109.743742708601
M00151	69.0154847155133	78.805680836171	84.6699138021186	79.2651447553621
M00152	55.2619796333641	64.6943636941402	71.0332912935862	64.5618879859615
M00153	196.791146886683	211.146738957005	226.513204535111	203.054788480256
M00154	35.9956475390555	39.2985332204336	35.7063322712405	39.7828956732432
M00155	519.147041714764	523.316538428159	505.183061602772	518.083361670513
M00156	225.574470732264	249.360550592492	267.215420575599	245.868966294916
M00157	730.848928645277	732.025551758995	741.816469527594	712.623884953568
M00158	0.96457084769574	0.755521978850555	0.677341753947675	0.833417918933074
M00159	67.933900118739	60.2124206196666	59.0411933710875	60.2109152085161
M00160	0.142161304320215	0.0847487719043779	0.320406956277591	0.284570285716227
M00161	0.176136420531491	1.01894321136298	2.24826581082526	0.972027303498897
M00162	11.1277281632	11.1730997526927	11.0158151311385	9.46614138393141
M00163	0.0923749947486867	0.542124149714178	1.63425989857289	1.04578436229694
M00165	390.497094216906	398.550149150435	399.327234108503	397.08546128085
M00166	385.46738749212	400.209003980849	394.347373383388	387.073415235678
M00167	392.697590909	397.824400162129	401.505923175741	401.465731425613
M00168	286.532094459421	282.887115752093	273.36909379781	272.096633737242
M00169	803.787087070151	808.78123627844	804.355869555913	806.406235083123
M00170	163.424970389832	149.800015007225	146.314690816388	146.470330067075
M00171	113.720372151995	104.967121280933	108.764406490628	107.922805225195
M00172	432.738810084754	448.918768344095	440.897685057433	440.660043060987
M00173	393.003771145253	376.304543317405	382.664353590589	378.252605652306
M00174	3.95568174906028	5.35812645420853	5.09305148215933	4.36164478309218
M00175	49.5953844945219	74.2148733941306	64.088634391598	65.2776998797443
M00176	273.853298158159	279.131022557636	280.816479365123	276.891460863831
M00177	2.69196284780301	2.1104169320687	2.57097140550872	1.7723119559807
M00178	966.92531254111	932.402634496425	970.810376084253	925.43141969597
M00179	483.35895688332	465.64923947524	483.768569013492	461.669307810038
M00180	0.0357692595884552	0.608392025750017	0.342454930444393	0.377325221552485
M00181	0.0377130989862911	0.479496437455879	0.270248352454748	0.232372793844093
M00182	0.0290960376842062	0.511820846215394	0.2436363194706	0.279017971280335
M00183	780.991183247947	714.055728917462	715.599579143034	699.827429673217
M00184	5.30108721654477	5.51060431549072	5.92128003246742	3.38763008671351
M00185	319.179126746672	360.259951820768	368.533178517845	378.088918642705
M00186	176.945557936393	166.813059627149	166.391483512502	183.272061369575
M00188	1416.47186219581	1318.34901239209	1308.09653771467	1379.22154678781
M00189	129.176787880722	135.584183909377	144.518677710689	142.056533463355
M00190	381.545371807227	390.285571050523	377.090970487171	399.296556270459
M00191	14.9843743599249	13.0674378388005	16.8439457587561	13.446262998952
M00192	3.30480989434809	4.18782546962993	6.9631116819772	6.46529396314611
M00193	325.83626452124	383.701580551827	364.545965931002	405.725680493094
M00194	233.666803367154	284.421662091057	246.639688562944	290.449477901993
M00196	315.313691268863	323.827203808149	310.202789601142	344.295424712877
M00197	262.119830007365	271.52583771136	250.629965641156	289.222944343941
M00198	224.553320880675	251.534603300192	235.891701628761	247.683245936803
M00199	4.10042248314944	5.05119033396226	6.21385379061769	5.81365717253133
M00200	246.313920828016	304.598951574315	263.206893239958	308.944837162774
M00201	222.879683642852	229.821453803007	215.242725506719	245.976340945446
M00202	2.41389503046579	4.80404242404875	3.293953432502	4.55772820893849
M00204	32.2005748349262	79.1470527974491	56.0315059617084	76.8312846006982
M00205	0.50885569748952	0.943399452297817	1.35662432567996	1.66875632933197
M00206	262.858318332005	273.121448386579	252.070336763442	291.396950688973
M00207	702.390181200287	729.696958756879	709.68531367013	790.31069913476
M00208	31.5443058440764	44.9858701736853	43.5613474869666	52.0339669186259
M00209	101.636417445658	81.5005283724645	86.7006540255995	96.9748480158827
M00210	411.651736397906	455.778853065917	447.576828510988	411.133332490688
M00211	5.5696379326312	2.1349538519701	2.8111848830893	2.16324364321259
M00212	409.627308296814	512.843312761292	472.662856611593	546.658070238442
M00213	2.81778382591343	4.35142923946097	9.00527010728003	6.84638891140997
M00214	0.878839857284975	0.919646560391217	5.11328752395605	0.471544091053119
M00215	58.0249411500774	83.675602652333	72.8123909368999	84.837039704592
M00216	61.2874061280693	116.204934680211	100.275042330097	113.192762676332
M00217	0.214021464185248	0.166263112839183	1.1180662391829	0.509629885789952
M00218	44.1654507542617	102.458179454648	83.9216363859313	99.7541798318097
M00219	2.00282609501378	0.948527536015085	1.56844392399681	2.62661954484141
M00220	26.0621259701069	26.6175714862363	26.6067112140345	26.8910282758373
M00221	472.378543792467	663.540542770133	596.493514158743	675.105375883897
M00222	757.850988507842	726.072476904224	719.662172204836	689.537210270224
M00223	129.764524100066	126.716632692748	123.085776969848	126.032150313023
M00224	0.597438640449033	0.411137626547957	0.218929386757731	0.38852295815223
M00225	2.44646899131098	4.14189970276967	4.17993682144685	3.89550467323648
M00226	0.826491139324181	4.91465652953221	4.36145151808485	5.32035905773231
M00227	1.15333631060655	4.13634587467311	2.85690683896153	1.16371341282686
M00228	4.63911609904823	5.44968860815637	3.03955549746526	4.35620273327632
M00229	0.194997334035449	0.276470738476469	0.788102239585748	0.133544935818317
M00230	141.667104627393	211.306262254932	171.591023867023	188.480792917553
M00231	6.33889122358284	5.33058484101123	4.6929721533061	6.38041062434186
M00232	173.651686888322	147.966544164644	154.839970435157	171.193433909123
M00233	8.53419151864329	6.53206673453395	6.60004893711814	7.76149377915868
M00234	6.69459175574722	10.7488999923752	8.78892055605364	16.3362764570167
M00235	2.73795478222583	11.1572145191704	7.2190136109731	11.9702180352812
M00236	371.344347817666	497.400114145898	444.247736787375	489.400147861804
M00237	2465.9954770074	2712.79862484196	2612.01282662973	2728.71041809267
M00238	11.8351128109694	30.361518412424	23.5696430241564	30.9588064946742
M00239	1126.24885615307	1185.82004362613	1177.71353423702	1257.70855356047
M00240	165.975804547026	187.923612127623	194.167141832961	183.623651490123
M00241	0.53286800641266	1.20084942557363	0.93256340553322	1.18170308793863
M00242	32.4146951018992	27.2840416307014	28.8361476927509	30.4003567806877
M00243	24.3175655117957	23.1433649739332	21.5557439276219	22.5271159899517
M00244	115.639595765819	105.236774947719	101.550057871537	110.495423308578
M00245	43.8608591813149	36.6516395267034	42.5317363393423	43.2797981624702
M00246	29.3880497628642	24.7247374432061	28.5624003440776	28.8531987749802
M00247	226.708157151627	151.426973365723	168.208466030162	154.672342892691
M00249	5.00211892045235	5.66146848079785	7.34514810142296	5.39354429988596
M00250	502.737318338181	396.239962973385	405.39147022629	395.992209673886
M00251	0.95504905456158	1.14143471708051	3.57019921813608	1.93929144477453
M00252	63.8580390518228	91.273351597059	81.1589471506285	65.9661604610205
M00253	68.05834559468	58.9876621382459	57.2955234801267	58.5285164315685
M00254	3192.82412314334	2917.7454652865	2922.51844272182	2929.66705563088
M00255	490.009984503707	511.589777332214	488.276265671661	492.775748311297
M00256	212.575577117099	204.55559609145	224.39077497149	205.94527189046
M00258	3070.2973581969	2845.35989007383	2941.97451299143	2914.53555242613
M00259	149.346201739702	150.85655284388	172.122088598912	154.494425111842
M00260	202.354589851697	217.448461402573	218.932884072136	209.967973877316
M00261	0	0.153838106929791	0	0
M00262	0.049482406193206	0.114079989108407	0.044045272359553	0
M00263	0.047389091079722	0	0	0
M00264	4.81583733322856	5.25878935943437	5.28818017211927	6.09993548543102
M00265	1.24246088942941	0	1.10645416848476	0.681607843577023
M00266	0	0	1.26613720057867	0.681607843577023
M00267	0.487283791106183	1.81854682467004	4.19184834857779	0.33653407377792
M00268	0.570723904493997	0	2.1638136604088	0.681607843577023
M00270	0	0	0.829840626363567	0.511205882682767
M00272	0	0	1.10645416848476	0.681607843577023
M00273	3.24934470727321	1.94814284065341	2.09064851960641	2.39440144004952
M00274	2.14478719319889	2.092299846965	1.21825594148052	3.51034997676707
M00275	0.513651514044597	1.15442192573061	5.28546368631616	1.84052674381571
M00276	59.5837217025733	34.4122402822837	58.9608994586135	49.9245737116323
M00277	0.849467377848543	0.688222546983638	1.35227922798185	0.690965461586451
M00278	0	0	0.291847159300316	0
M00279	1.82220715407481	2.83627538119579	3.43115256529077	1.42027221969766
M00280	5.07819555376621	5.61490258189953	5.66711487924522	7.3275807921354
M00283	13.429760395014	26.5267380835236	35.0872827183089	19.4696904790179
M00284	0	0.0617139423163847	0	0
M00285	0.198597089392945	0.166513600273143	0.35096933878734	0.0269490189110493
M00287	0.701990402527615	0.539330207127652	1.63256274698111	0.704186948084676
M00288	1.20471330839903	1.9133132635537	1.39065014800593	0.944592695956775
M00289	0	0.0705625943084067	0.698161275548153	0
M00290	6.62991342351225	5.72610196889547	6.02844441992254	5.37660303913147
M00291	0.156998120133714	0	0.047403991164834	0
M00292	0.156998120133714	0	0.047403991164834	0
M00295	0.461304564307462	1.00568202940345	0.824390732405356	0.580923994184474
M00296	0.184592957709683	0.142822718947072	0.14704988082066	0.234107735281205
M00298	0	0	2.2008137858427	0.539898661622225
M00299	197.765702957568	178.061778395659	180.823479309589	196.017713639002
M00300	84.5435317773799	102.924345760235	94.0713581727339	108.391428745588
M00301	1.68013906826313	1.11747925259901	0.793809091015904	0.909295425133511
M00302	0.934905453328359	0.571176203877767	1.35199542534593	1.27547795062976
M00303	0	0	1.10645416848476	0.681607843577023
M00304	0	0	0.335511681993377	0
M00306	0.39734457478986	2.47380103512335	2.83719815911933	2.54238704806642
M00307	554.820338134206	541.818652610307	543.106968251244	545.423066741371
M00308	422.073185917969	407.005105218879	423.283388619572	404.403942883051
M00309	48.747613278375	47.0673961040635	44.5758883172734	51.2696790975424
M00314	0.489763096793557	0	0	0
M00315	0	0	0	0.66503224086944
M00316	0.215334479302949	0.172740896456294	0.411699478994337	0.546998833332345
M00317	4.7217226039098	3.51747260303923	3.61745359346823	5.60052254994648
M00319	12.6831781392109	5.82590920439097	7.26421309347515	7.27134081859737
M00320	346.844151582858	356.127241224455	371.120785772736	352.677829175143
M00321	0.993382645086248	2.23815284950771	1.04390045705971	1.24473959045752
M00322	0.800746611459433	0.70839628761541	0.891714550427465	0.476478760888436
M00323	210.349529045266	257.856339472687	238.168211386112	269.774279845426
M00324	74.4320294573852	107.254606795218	90.1154986142627	104.384592200646
M00325	92.9914561641194	84.5806972652293	94.0883449866839	94.4994696392543
M00326	30.6567937452635	33.6518169944302	35.3156336706608	37.0696116783943
M00327	0.121873333772155	0.0923683960217687	0	0.190888883953266
M00328	3.38541408017799	6.40409389870573	5.59046316140031	7.20191603335914
M00329	0.90000350172142	1.54882525034148	1.64088841943001	0.56241471646157
M00330	28.5414257792576	54.9624138062121	58.0507931533232	51.7255816566773
M00331	84.1809804855507	101.893987318099	101.457612552007	97.4116439883956
M00332	4.58176149605861	8.09490233617121	5.53893023432618	6.58141416593665
M00333	14.7115920013594	31.9673340160858	25.8910598234243	27.2419608861499
M00334	44.0443651424486	50.100200456952	46.3685210062193	52.8432828314323
M00335	368.824556398397	366.902390619484	365.932373468176	353.923272762604
M00336	186.442785620371	194.830245963328	197.022968492038	199.190704580813
M00337	0.805689490254444	0.602493497664781	0.629483681731061	0.698737256545737
M00338	211.659213050043	225.591762504078	200.701243223232	205.621832967788
M00339	49.9340586670584	60.2109495490481	61.9006736148485	61.6482617057954
M00340	0.96884757826393	0.728708008479472	0.823944487487476	0.7985568646237
M00341	0.302146833806739	0.253658128636129	0.242995156380643	0.14946296802002
M00342	74.8891902757182	71.5691771001197	69.8720528632053	72.7210321069047
M00343	47.2182455652967	48.154864716922	44.9781597808886	50.9334858647667
M00344	222.513681701796	254.498530737464	246.11698964338	250.716668383478
M00345	140.446766079002	146.144237310644	153.46658945242	141.904814577119
M00346	448.578210162699	433.486894356694	436.242079255603	436.093989673366
M00348	44.4764322189752	44.661276003609	35.7358727771807	43.4847750797286
M00349	139.063510132735	124.300230735028	128.300627427782	121.449613665707
M00350	5.41643187138397	4.5453912735861	6.13193970080985	6.77112345384759
M00351	0	0.0345481792912589	0.145211757310401	0
M00352	0.139329362432594	0.0675268502381644	0.105568427452247	0.0134970055476151
M00353	0.508385630505325	0.258617868636441	0.620463104021095	0.225233522419589
M00354	0.240891048067512	0.196751273887568	0.0877103110951187	0.0214093680917286
M00355	0.439065621399073	0.175580119000946	0.566783445636466	0.150713152999942
M00356	67.7217007425576	59.8629986414457	61.7104702088401	64.434616090675
M00357	130.364917332997	117.947500392909	119.223510355884	121.740686567673
M00358	42.0976395991716	37.5624032467827	30.924190734543	31.3059210834282
M00359	639.290559232835	618.421308777107	618.090636678491	601.810821850671
M00360	534.368958950142	511.988871072585	512.661564162752	500.389582423808
M00361	451.846343823032	413.630270874425	432.428712943782	420.393193769516
M00362	299.1237803653	282.564131466524	295.933100745546	285.635291062392
M00364	112.144597354769	115.360217769166	111.473222206835	111.722381615364
M00365	50.7523059741747	61.2221309950833	43.2522599453952	46.8239444600118
M00366	77.7950034837242	70.9919367569385	70.0368849319811	73.2611338948799
M00367	31.6316220163006	34.6401319453583	24.3970944626905	27.5229183996715
M00368	340.88109554949	330.76683485615	335.083811426488	326.660497208213
M00372	6.9845907013106	8.57153192587943	7.72977033764484	6.60206208134723
M00373	445.488655593999	435.979438964449	416.822343956794	452.926727513534
M00374	460.439173020488	461.613248996147	459.309703367887	463.031998268967
M00375	267.687616792141	263.262306340787	257.081251744328	274.398768405572
M00376	476.519339960686	449.948564999353	447.412042678012	449.957682335247
M00377	173.841778789771	176.144120469975	172.555810307219	174.304656560617
M00378	22.8590681414767	19.3804081432435	20.1523345763225	21.2903048656527
M00379	0.327014162668142	0.237518732627405	0.380883297863348	0.0575062746637455
M00380	0.327014162668142	0.237518732627405	0.424270564286623	0
M00381	0.327014162668142	0.237518732627405	0.380883297863348	0
M00382	0.261611330134514	0.190014986101924	0.304706638290678	0
M00383	0	0	0.304706638290678	0
M00384	0	0.067177015288559	0.658225505045397	0
M00385	0	0	0.380883297863348	0
M00386	0	0	0.380883297863348	0
M00387	0.327014162668142	0.237518732627405	0.380883297863348	0
M00389	0.0830328825441073	0	0.03492907971839	0
M00390	4.15910522641221	4.47000980892979	4.279026145655	4.06066060986429
M00391	2.06238482526916	2.19530615898189	1.91649911722618	1.69251031114666
M00392	0	0	0.100197494731478	0.211467325670929
M00393	0.0567341381353137	0.026390970291934	0.103191336358061	0
M00394	682.523795040771	642.954275117966	663.13892163511	617.236940765303
M00395	0	0.207558707623092	0.0322245231202	0
M00396	0.466438805666189	0.465342823106753	0	0
M00397	0.466438805666189	0.465342823106753	0	0
M00398	0	0	0.207445367586287	0
M00399	0	0	0.221538795419921	0.098054694254234
M00400	25.734876211542	25.2326098658962	24.149137170901	21.7079915773949
M00401	1.49236661349492	1.71803165663343	3.08306106231519	1.13053954711801
M00403	7.01860260314782	6.88162087251715	6.58612831933662	5.93787705676357
M00404	0	0	0	0.0427274600351352
M00405	0	0	0	0.038806587231911
M00406	0.0595580092642208	0.0791729108758016	0.0192972434963989	0.168082081613601
M00407	0.375944720465142	0.237518732627405	0.380883297863348	0
M00408	0	0.13126035224146	0	0.111588630402991
M00409	0	0.0724195046849438	0.195242698904741	0.227382347061978
M00411	0.327014162668142	0.237518732627405	0.380883297863348	0.059156382975474
M00412	0.0863045280959933	0.0407694989337461	0	0.0401871334638454
M00413	0.400334421749823	0.168802446676249	0.456669445608609	0.518962617356031
M00414	0.298578148523088	0.0357875758577615	0.409750332046762	0
M00415	0	0.0560634310943505	0	0
M00416	0.0798926861753735	0.255474175007937	0.35385157032538	0
M00417	46.1935456695209	43.7837198173059	46.5277578674212	47.4067945761945
M00418	0.725620587202252	0.53014664922299	1.24850424342719	0.866790062547535
M00419	0.10657749026229	0.187183993596438	0.0940642962334582	0.327238086777027
M00422	14.5583259975094	15.0414282684642	13.6936109723178	13.1283020070203
M00423	1.56262493312175	1.04943963115093	0.389946945799265	0.902573426338553
M00425	1.44533466592106	2.64936912053593	1.66247568108144	1.23082314147901
M00427	0.0523092699349936	0.0181760616645586	0.0132890345321052	0.0129929980994972
M00428	0.345425062797297	0.134015607326294	0.213383330709103	0
M00429	28.6518604146171	31.5905271589312	28.4747633579351	30.429196898428
M00430	0.0825764730582045	0.176047967871352	0.170828206256992	0.0832843241682762
M00432	832.410081084496	801.721240415596	809.028112874946	793.538945341385
M00433	12.6388342124852	10.7279272467833	11.1941708166979	10.161351818062
M00434	338.128632399537	354.39873709964	365.997230956454	339.642541554235
M00435	52.7776861345644	49.4596953781421	48.2119406439434	48.2690586654682
M00436	55.0149610650673	85.6172614241607	66.442217253876	85.8771963977219
M00438	166.852888398488	208.707466740599	218.993652126954	189.37610427328
M00439	191.420474470556	173.763410147421	191.283338319756	188.312344043097
M00440	0.448874791832671	0.468970279752059	1.69469517899752	0.647693616933185
M00442	5.87955912231107	2.43065493974787	4.72369949577813	4.1560260792312
M00443	30.0221677413466	21.4066697667233	22.3922808914322	31.7517015874009
M00444	19.3885616104325	19.9546947789533	19.2427058816911	25.2491323749727
M00445	140.932526755051	208.097761028238	214.653148436393	183.236685337075
M00446	6.02924317700182	5.76898356112802	4.27571418969825	3.92594537611557
M00447	24.4054535935593	19.3341767668562	26.0838866281978	23.0879197397012
M00448	0	0.688189869378955	0.606510373685269	0.345037647982472
M00449	23.0185172193628	55.6992867920656	45.4804381846354	49.7816586846862
M00450	23.8089914908648	25.7502736855562	25.4382727981002	23.0904194552616
M00451	2.65464467400212	4.40379924989592	3.3536811006743	1.84911731015321
M00452	83.6418320459247	92.0113276644788	89.1081717357006	93.4027080404821
M00453	48.5919722110289	93.4571205681193	86.0448132943576	80.0310207567579
M00454	467.718457492386	470.680400753875	446.161259962348	467.965034672598
M00455	4.0267975036566	3.43824826036403	2.29775870874488	2.38754919507097
M00456	0.283823612881785	0.101923747334366	2.14323649123045	0.317873673475773
M00457	26.7029955932467	81.4590615785419	62.0007970278575	72.8043228420258
M00458	10.1038907977982	7.90229832313953	9.86834693840775	6.61663738337253
M00459	25.9025362669913	21.2958691027348	24.4258208756176	32.3468578906718
M00460	53.0789791242135	49.8724285298385	41.4077390575876	49.6492959914209
M00461	9.17836157179314	10.7242465550017	10.461240021716	10.278938090014
M00462	1.92245176702382	1.39611100464044	1.40975367183132	1.05282037092763
M00463	0.629274265213995	1.22555470819659	0.369526409547242	0.636787628322865
M00465	6.92285207858093	2.455108512693	3.67986749618849	5.38893189409603
M00466	2.20081874829319	0.348499101147633	2.15771533701441	0.36010479418258
M00467	5.64938174582232	13.9525183534867	9.48234161691362	13.5449767109441
M00468	0.301715072719605	0.68601398993818	0	0.72178899535719
M00470	0	0	0.398864912783935	0
M00471	37.9860570138123	56.4330493605291	59.0549105816877	48.322408767877
M00472	0	2.65662461700992	3.08579833072194	0.74660844176252
M00473	10.4247780903777	17.6451176832978	20.4082883081294	21.3487222929581
M00474	0.676875805497203	1.65848697395084	2.38457439937849	4.78641899681924
M00475	26.9121476827282	35.7164127238388	52.8495949505586	29.8802031110908
M00476	0	0	0	0.381777767906532
M00477	5.48591152208332	5.35718618016721	8.19865291155203	10.9056070734289
M00478	14.1644006295324	11.8702367713684	17.6653053045839	13.9346174228487
M00479	20.4622996753706	24.9116562073792	23.7085260342618	21.4103659570303
M00481	7.8525838427557	6.67850236173709	5.46128895285605	11.0979101636396
M00482	2.45635799540008	0	2.09091090899341	2.19631559767287
M00483	2.23746806485551	5.24630967098275	5.99224015291615	4.56225753325795
M00484	0.489760745949498	1.12685724679717	1.07524560929669	1.94901771646396
M00485	0.122252571868759	1.16494237172143	1.87494238142422	1.02142168736931
M00486	0.201721380036671	0	0.338885356244138	0
M00488	0.76165323963213	0.77842733086634	0.731155525993887	0.863095160981527
M00489	0.974236680430951	0.152302088096962	0	0.155886574419302
M00490	0	0	0	0.342174265011663
M00491	248.608223307958	276.462912855713	250.079236948899	288.811301611687
M00492	22.2116284895366	15.3027142465926	13.3601536717689	12.0770153774841
M00493	26.0781631189812	55.5914853525625	47.4778668719297	49.5080398587701
M00497	344.732797987909	337.047199358806	369.259899470063	327.623938606582
M00498	291.794555560422	208.190081025109	202.237858021825	215.8529502522
M00499	188.636249413557	187.380444748926	192.865467889016	175.970972743344
M00500	147.665561879141	149.603300890054	168.742941400493	149.725387451905
M00501	142.269213719078	180.596955798797	172.55914095057	160.933741073581
M00502	90.7277690537074	103.98223910821	121.392139930223	97.0182336291284
M00503	0.157868906115655	0	0.277834154495237	0
M00504	21.0158544419158	45.7800680537985	33.2150853091701	38.3277122289346
M00505	43.279136044787	30.7698584789747	31.6069465825569	31.2526217973802
M00506	271.682798055235	316.726064161108	303.303087976419	314.819773070397
M00507	57.1928591077895	99.0187084702158	83.7012436970676	84.5518833698651
M00509	7.55730127683263	11.876271384453	12.5022299226274	10.1940658201701
M00510	9.4074873823246	10.5147386867906	9.40321367263621	7.5126070420542
M00511	115.553076336098	87.703225912162	93.1652918472067	92.9130656405698
M00512	159.342457048629	125.766927941646	129.988590724737	135.699395582478
M00513	0.705569651242232	2.16429107167323	1.03496023181506	1.01235720609771
M00514	5.3205407900471	21.1034724693096	16.8218692112367	16.6352551786231
M00515	24.2830075697818	23.0299252044826	21.1167372296996	23.8756645435949
M00516	39.0411586364866	32.3141242934283	31.6875899610246	34.5269920571273
M00517	5.58470306958047	8.27476506165177	6.36876496915261	8.1651885592552
M00518	0	0	0.218158508635345	0
M00519	3.84156636158487	5.03625714147457	8.23173064523085	5.50659988461232
M00520	153.382314912639	97.7206381523278	104.237399346792	103.293543025953
M00521	0	0	0.197315339020503	0.712435270428355
M00522	0	0	0.178379126062681	0
M00523	115.384431653047	111.116191061829	107.223111958732	104.190411254784
M00524	61.1403502663233	46.6124484141246	45.2614101398947	62.4688889496966
M00525	393.266877330628	397.760319066109	405.921901991777	387.021617038644
M00526	336.409735397976	340.736502360477	343.077350612623	327.968425122371
M00527	357.600052877525	358.114315423977	365.145088071974	346.489296864399
M00528	12.2295493993057	16.6402921152517	15.0509848446797	13.4667588289533
M00529	199.850807250031	204.003340157088	188.402699629722	192.622263863478
M00530	204.055366296449	205.782679600092	201.506601538493	202.099295526326
M00531	64.9661020703071	66.0595089570355	62.4173327055198	64.6700951953202
M00532	288.065181049655	315.854050311228	309.445881658502	313.390300540169
M00533	56.4937900675645	89.5306497661936	81.2158178975181	91.0812515469522
M00534	0.191345685371159	8.14081915454287	3.95023532494606	5.16747088870942
M00535	745.540224926277	725.207722940776	728.157063038963	712.123707165648
M00537	9.75675053787062	23.0973385258371	22.3398411235566	21.3402108882283
M00538	7.39174694515632	18.117564034451	17.359348615882	19.6278499007049
M00539	2.08814237876754	2.85851329738639	1.51107018536033	1.51697130688101
M00540	44.887205114053	63.5994418220366	58.1147159074157	60.1034098346636
M00541	90.1309092364653	73.5864798210675	80.3718783223945	74.7728801616222
M00542	6.8810173509292	11.8830171290403	8.43449162608625	9.54225349564448
M00543	0.216209245113493	0.0823169614881981	0.286907781587183	0.174204974116971
M00544	0	0	0	0.071028421936099
M00545	35.2316121021868	51.2115650462655	39.8945247025179	46.1980989743561
M00546	38.5314801774932	42.804751825379	39.5630693217443	45.5747978359023
M00547	0.153161542369661	0.062716144725193	0.135178944987137	0
M00548	3.82963127048284	20.8824901445598	15.0418946520493	14.2165403810261
M00549	220.275815185777	208.85863175995	230.58082003661	216.994306950592
M00550	43.3717411604466	41.6676008979502	47.8126141977163	37.4873799247092
M00551	5.08440016677584	10.8732421071321	9.26807453170916	12.4670219848274
M00552	516.340452958886	486.556195977607	509.117882632456	480.517034261361
M00554	207.578473156072	182.995530248028	181.44094743762	179.285582216265
M00555	109.207167605493	140.657442787374	122.789422684844	158.963731322313
M00563	60.6401538835385	53.771282873507	55.4754814956048	57.2994736722624
M00564	1.29060519223141	1.68269518383341	1.26964953567973	1.81638144768686
M00565	399.560508822492	350.039939608941	363.390854351089	362.025334882594
M00566	0.426886055591117	0.593200881160929	0.716883815776365	0.222875669913002
M00567	47.7612492786635	43.791071378525	48.100825969383	46.5975851200072
M00568	32.9856575234102	31.5719437741728	31.5695281168142	32.080656395887
M00569	78.2066548306802	93.4908181814956	93.7240796234367	91.1802896827314
M00570	794.673884724997	773.837504591266	799.549516457274	778.387265420477
M00571	41.5760099606113	45.2117008345988	48.0485979193299	49.9773268411277
M00572	578.295631012609	555.437042832872	568.549572978187	581.404697596176
M00573	130.954700788704	138.64342443801	132.189311697749	125.682036725302
M00575	55.7948736984717	51.1038150179527	56.4530069920103	56.6996817835526
M00577	130.825672702004	138.943456549267	132.304903146354	125.812844169273
M00579	231.20964743579	188.025726811665	195.177784772506	193.855940383467
M00580	54.4211412202017	66.9079455262734	82.5241445355438	54.6951269399522
M00581	7.50580202429085	10.6387519460501	7.52960776174088	9.61133592086997
M00582	3.87585954100012	4.8052420493697	7.59385778510118	4.54959510543961
M00585	0.653957196446046	0.127181345279375	0.621613645224481	0.266030197999572
M00586	0.279677451206221	0	0	0
M00587	0.408133954957915	0	0	1.29633944577398
M00589	1.14148553531695	0.216277219953409	0.698936454644745	0.181438939203104
M00590	7.57505628832143	5.19332109216164	8.02051879329942	7.77767601325881
M00591	2.6607719213495	2.21515132487087	2.27958588138671	1.7070160436047
M00592	2.95743217957988	2.44789033329884	1.36488617116004	1.71058255347371
M00593	10.6455403526764	10.7328394677937	11.9269329073126	10.8628916657543
M00595	120.479187724742	144.209051812027	153.690924400285	150.091201379009
M00596	281.585494106243	279.199563648869	279.454560365403	285.535442020732
M00597	18.7731871697414	26.8921209627934	29.1993054337168	29.479242518002
M00599	3.63365147178046	2.84343452109306	4.66691314147213	2.91835590196195
M00600	10.9624497703329	13.5286914941621	12.6115218437434	10.3179405509649
M00601	5.19275886043201	4.14452976138163	2.40001889830919	2.86432181832411
M00602	262.237088983288	272.03638517757	251.039766044801	289.083647050245
M00603	9.27237048589718	10.0236928259093	12.8959057746759	10.7507804864974
M00605	318.138072254062	376.277048136076	339.685390332509	403.737085887439
M00606	263.123239887009	272.403588590745	250.649988320788	289.840652063622
M00607	49.2674076084094	113.443904733186	90.3422545808039	114.161531698388
M00608	7.76975725848443	5.10975224059087	6.09655187425236	5.34525082203378
M00609	200.298563167398	194.956478473231	197.775410903531	192.605188966663
M00610	0	0.145631923654759	0	0
M00615	422.605991631244	529.462723558181	487.048697781308	470.3333089687
M00620	409.710278230627	390.716994859584	401.454877902385	394.134002118134
M00622	41.5445086667235	39.8290832173407	40.383588925436	37.532216840406
M00623	48.0852932185052	31.9432593563863	35.3779461484607	37.6772830511161
M00624	0.640524888029698	2.1357422736622	0.67783401797228	1.10040633560303
M00627	18.0508947444484	9.68509016322409	12.6825722081519	9.92099536739219
M00628	94.6444832976697	100.890100210022	101.935714550197	94.2162763003892
M00630	0.501496611045012	0.0774818389930176	0.440296438202619	0.0800621338522436
M00631	151.575501860163	149.175417956421	150.157276647527	152.245566705974
M00632	451.055852526704	402.85323766283	409.667852434958	420.3982580442
M00633	8.41583240503986	12.1794194327955	8.21055894432388	8.8423921696822
M00634	0	1.5483120745927	1.50856383583561	2.78493583730116
M00636	0	0	0	0.102951308199514
M00637	2.44672286870032	3.61460067974511	1.92333416271487	4.76899615667055
M00638	8.04778086031848	47.0678857345479	29.325347804191	31.8368731971298
M00639	0.586281767442912	0.57683527952654	0.507999863067273	0.997670932153663
M00641	51.9770147137568	33.5735391621125	33.8358502105536	37.5437652295343
M00642	43.8523402790316	49.9924607467903	52.1281742633603	46.4514777178657
M00643	32.71482353997	35.5905992408236	35.9691667468786	32.9182923935275
M00644	2.99561310400516	5.8338621580477	5.69681326762172	7.81156895763298
M00645	9.6115285883118	10.3914908936442	10.1753091192401	9.26770277172902
M00646	110.82556884684	123.702246877724	123.574843984887	128.247113628322
M00647	120.407827636374	134.066511286917	132.613091241978	132.059071690704
M00648	151.634816749092	130.820384160519	133.386057529523	134.324121100472
M00649	1.18559849900624	0.669384996236177	1.17850828313236	0.75034395588121
M00651	8.01025856488715	9.39789769826279	9.152448293976	10.9227351172652
M00652	1.0125226171104	0.177875827928528	2.26484857435688	0.692994297305442
M00653	1.25971290954429	3.95580882185939	1.84562756400551	3.88927779161573
M00654	0.485812323588316	0.184736792043537	1.0762186501083	1.98160350743891
M00655	1.78104239079755	0.703480458797665	1.7277712639689	0.925857071798491
M00656	0	1.06408392217077	0.83918543482766	0
M00657	2.53130654277599	0.444689569821321	5.12488148269289	1.38355347738036
M00658	9.26186298910686	9.16010975352489	11.5244482963999	13.701829790771
M00660	6.59098444134294	10.9053094537649	7.86823365206555	8.27715620636646
M00662	0.342992053352255	0	0	0
M00663	0.609701370336077	0.631372163146413	0.20687130751966	0.180904958309093
M00664	0.348962888984212	1.18765856098977	1.52539959125836	0.778058294449315
M00667	0	0	0.179066521538838	0.260138794535681
M00668	40.1454533389649	62.164257739742	51.8751407305846	66.9919716769898
M00669	502.264239926992	540.227042567667	533.681674593695	498.452763524693
M00670	501.519823668062	538.514489542261	531.493209370337	496.818964091423
M00672	0	0.028210080098708	0.0501540877920437	0
M00673	5.53801368778368	6.36623688772511	5.15568845750224	4.81284957679581
M00677	0	0.043387063525707	0	0
M00682	0.299747968021433	0.212523648367441	0.273088777751792	0.318042966983292
M00683	0	0	0.0713790512124861	0.0114152820968731
M00687	0	0	0.0727479645234104	0
M00689	0	0.0247078310101573	0	0.0265798542684322
M00691	0	0	0	0.0283235438323239
M00692	0.163760417935008	0.118253374194118	0	0.0391566941442597
M00693	0.141925695543674	0.150635095919101	0.0315302882709607	0.0339358015916917
M00695	59.1493150542547	45.7617203375011	49.3028810992323	51.7334380359895
M00696	30.5095230314465	33.9813151478731	35.7874267189017	37.2582976999595
M00697	31.2691126044661	34.4885659031631	37.2048206063542	40.0553917611711
M00698	28.0851783073168	52.5949223640502	37.6609561167499	43.9573632504503
M00699	264.05721669758	292.182818810173	288.674337512816	291.993438989338
M00700	1.35714547208635	1.63312645522949	1.15863775532648	0.97808392605282
M00701	203.381849764118	227.211680191192	197.677138299241	225.38731416841
M00702	0.144442469655888	0.545240854000322	0.764210950460607	0.337301300668937
M00704	0	0.177742303257925	0	0.18005239709129
M00706	0.537649546112897	0.405118168019998	1.58777701926836	0.978987255180785
M00707	139.630104500794	138.422560630408	119.247216991349	126.919992921425
M00708	0	0.137834704944401	0.48070098971719	0.286852987138483
M00709	54.5852255582758	51.1734494170421	52.5229894697386	58.1344497075935
M00711	0	0	1.55565137961893	0
M00712	1.11427048020256	0	0	0
M00713	13.2364512349821	12.8614813326648	8.8134754597243	9.90847070353285
M00714	13.2364512349821	12.8614813326648	8.8134754597243	9.90847070353285
M00715	0.439213442433247	1.46713970743308	1.9989403658158	3.02550380586566
M00716	0.470082858835456	0.350796897418936	1.24467220551773	0
M00717	0.235041429417728	0.27719219126407	0.870306999805313	0
M00718	296.77204023755	327.426911032159	324.388475541966	323.953746358034
M00720	50.3362588382334	51.908301757313	54.5233683469467	57.3033949602884
M00721	16.8877283518943	18.2627293953449	18.9147854213393	17.5915460144445
M00722	5.44572390231861	10.8134278021767	11.4133600376179	9.32073975396201
M00723	9.69428080521623	10.0479724285588	9.62135294084557	12.6245661874864
M00724	12.9257077402883	13.5954606004846	13.1615728267857	16.8327549166485
M00725	0.156040881762323	0.643716853965893	0.737695476456198	2.19824505107721
M00726	6.09402255973043	6.54487249844787	7.843904479729	7.67423231867863
M00727	65.7320255568405	80.2424812817358	81.6661923407548	86.3449598635005
M00728	193.742362276648	189.096201942778	185.22834010895	200.414423706133
M00729	690.442224705875	645.627512738003	664.260896331232	637.003813373626
M00734	0	0	0.379328672157783	0
M00736	14.5413511402961	8.89034408524714	13.7007911912727	9.64556270672945
M00737	0.163254365597852	0	0.126442890719261	0
M00738	0.244881548396778	0	0	0
M00739	0.156577784950397	0.247461377249018	0.817581084404292	0.363850811848312
M00740	495.819969420044	459.135512454988	473.35084013665	467.523068444574
M00741	324.804731822819	293.302581031666	285.346296183561	301.739514763001
M00742	422.387896854673	443.511973799153	435.255294834519	428.411110855866
M00743	261.632286486789	303.204223667235	313.329615639559	287.115601394974
M00744	12.9257077402883	13.3031298526355	12.8284705877941	16.8327549166485
M00745	29.0662507231206	33.0415882106729	32.0895145694506	36.0162488615184
M00746	0.19663596709457	0	0.513455937451143	0
M00747	0.398858183254326	0.824837942266716	1.86185772678362	0.947862044457595
M00754	3.92629192137785	3.33925118086854	2.73064447642802	5.54895508181979
M00760	0.358158368636538	0.267806356251033	0.300762215788534	0.268612370904922
M00761	42.531671737229	45.9109939171358	46.7356001461577	41.8442527144611
M00762	36.9163410099815	43.8786130842084	36.3324824158888	35.8894560574595
M00763	15.3211490232129	16.3053535518782	15.2925040338823	12.7580080426724
M00764	2.49227361844124	3.30558614875538	3.10678528233978	2.1017451419994
M00766	2.12001945808378	3.70169833477358	2.44691915809303	4.93626131303208
M00767	4.73908420290041	4.71780587847054	4.55784011605302	5.09436008636073
M00768	35.5631813304522	39.3138466918873	38.8479394022473	37.0853073294651
M00769	10.0965090348014	11.9676962112224	12.6206034848506	8.95878967969067
M00770	0	2.89933873609697	2.41485316595588	2.80051370244744
M00772	18.5866983820361	28.959524155673	23.1062847740805	31.1687031521765
M00773	0	0.0420254313653544	0	0
M00774	0.00939872007668516	0.0143769220253663	0	0.0132590104846767
M00775	0	0.01538434586271	0.00895764093288258	0
M00776	0	0.0159842550872691	0.0115122510518295	0.0153226591684019
M00777	0.037511491313984	0.0415104614696326	0.0337340153953406	0.058753842950877
M00778	0.583200607028809	0.41003379743367	0.958652687450843	0.595496314666767
M00779	0	0	0.0764272406896849	0
M00780	0	0.270887350541685	0.225992547668509	0.180643038419444
M00783	0.325866560125628	0.148631690207439	0.114523135771604	0.0508096105162113
M00784	0	0.127690070660493	0.133720179393751	0.37697723685835
M00787	1.3763620272669	0.95848103826526	0.493150590724383	1.39525640995609
M00789	4.48966594914894	5.09261596055411	4.36977181798002	5.18896759165393
M00790	11.4154162379739	13.0214790646505	10.6213754592346	12.0100034631663
M00792	0.24981864858634	0	0	0.39198697512152
M00793	725.053091398431	727.356958393812	725.514388162198	695.640427096838
M00795	0.165955177902509	0	0	0
M00796	0.542776084428567	0.274248433549169	0.63873212837565	0.425072153957787
M00797	0.66487179998891	0.999939666073468	0.831244083399004	1.19097082261829
M00798	10.7609713481996	11.1858179388311	7.99589554100517	12.8762871064486
M00799	12.9131656178395	13.4229815265973	9.5950746492062	15.4515445277383
M00800	0.542411852939523	0.77280277564766	0.978670621225625	0.956994589343911
M00801	0.586849884764366	0.242608184611354	0.667587476909486	0.33336104474167
M00802	1.32209427823068	0.70432610187003	1.04259608257755	0.631823581567874
M00803	0.678014816174403	0.966003469559575	1.22333827653203	1.19624323667989
M00804	167.624484418676	160.213257056102	155.620057620483	150.839613421576
M00805	0.191431798189326	0.0366083918178019	0.0426309746232371	0
M00806	0	0	1.10645416848476	0.681607843577023
M00808	0	0	0.0999306716974804	0
M00810	0.256825757022298	0.0639336013581018	0.249008304506638	0.603395106349836
M00811	0	0.0743594634640652	0.365328839619766	0.106246132070463
M00813	2.84292260840613	2.49399344590268	4.88343591901619	1.12532192559705
M00814	0.206198225285526	0.312643298960076	0.305108170277393	0.210802290079045
M00815	0.311856982157516	0.720993020177727	1.04749891708726	0.765365170983378
M00816	1.65717501947504	1.43153144621599	11.3384783738888	0.554888751035885
M00817	0.223090170294793	0.164210481816477	4.24144968300263	0
M00818	0	0	0	0.259320748011984
M00819	0.605276087499497	0.515725597937081	0.874727128637065	0.437664315679149
M00820	3.28398581016041	5.4698729155002	4.05092386356017	6.00199868975641
M00821	41.9125480949878	44.7931142220223	45.3212091538957	53.5335296139151
M00822	44.4347273430805	48.2456278906414	48.7193911093087	45.9576562842545
M00823	1.62578972287597	2.03709066539054	1.69268024387713	1.47705723654026
M00824	1.74594207718515	2.69853774888192	2.34462947291237	2.08381992362047
M00825	0.364606369525915	0.365347417751376	0.534186687105102	0.623134983173466
M00826	0	0	0	0.0501300898892467
M00827	1.55488871899046	2.10978015600038	0.834656444173593	1.67710953542789
M00828	1.09243897117483	1.40652010400025	0.647018062859059	1.11807302361859
M00829	0.122512316892223	0.0595485849438043	0.106913120696116	0.042127201975893
M00830	1.02746728360259	1.37407587680914	1.10684256105064	0.825777427169641
M00831	0.046747418592294	0	0.0206294172427652	0.0183049939773165
M00832	0.420947901782896	0.704734992691336	0.07571122173414	0.942433129766076
M00833	0.0501421716091153	0.114008991661154	0.0885100235034827	0.0522448092594763
M00834	0.100284343218231	0.228017983322308	0.177020047006965	0.104489618518953
M00835	30.540605915059	27.1338849290132	32.7412003746514	28.5197270940265
M00836	1.26993809596076	1.73654512027211	2.33227812459622	1.43452864904585
M00837	0.0450747917387345	0.017151578371547	0.0841804447126031	0
M00838	0.0500092106126452	0.0126340751435165	0.0883716095866525	0.0432088016074461
M00839	29.9703036807353	42.2343372655099	44.3738253995035	33.6838861918767
M00840	166.298061498331	180.582471365678	190.414658517325	178.757046139071
M00841	228.32329043957	223.320102113715	217.951060590949	223.045635640983
M00842	436.474863415997	416.845522755221	414.346820243576	405.46283829832
M00843	436.474863415997	416.845522755221	414.346820243576	405.46283829832
M00844	594.060952962857	584.785166553583	587.795247084997	584.458216775432
M00845	409.885035353617	410.626719164009	409.457687580837	406.288500490248
M00846	205.773087436455	215.725377589317	219.824085321345	216.641735871163
M00847	38.7693322336482	21.5601063541981	23.4850482270971	25.405683568665
M00848	155.682018046392	154.192492073519	155.651154918667	147.297365208296
M00849	267.765332478511	292.544214558592	275.747623716191	295.194066372543
M00850	0.00645468847145874	0.448827080310371	0.213322759540593	0.124786778898163
